{
    "park_1": {
        "back_parking_ROI": [
            [
                828,
                407
            ],
            [
                1668,
                422
            ],
            [
                2050,
                1149
            ],
            [
                431,
                1127
            ]
        ],
        "front_parking_ROI": [
            [
                288,
                540
            ],
            [
                1508,
                500
            ],
            [
                1791,
                1965
            ],
            [
                4,
                1965
            ]
        ],
        "back_person_detect_ROI": [
            [
                930,
                13
            ],
            [
                1592,
                17
            ],
            [
                2230,
                1435
            ],
            [
                266,
                1392
            ]
        ],
        "front_person_detect_ROI": [
            [
                9,
                1154
            ],
            [
                1781,
                1168
            ],
            [
                1790,
                3190
            ],
            [
                4,
                3190
            ]
        ],
        "front_person_inside_car_detect_ROI": [
            [
                9,
                114
            ],
            [
                1795,
                114
            ],
            [
                1795,
                1926
            ],
            [
                0,
                1921
            ]
        ],
        "back_person_inside_car_detect_ROI": [
            [
                804,
                253
            ],
            [
                1733,
                234
            ],
            [
                1844,
                1101
            ],
            [
                603,
                1060
            ]
        ],
        "car_front_back_ROI": [
            [
                715,
                88
            ],
            [
                1835,
                1138
            ]
        ],
        "edge_ROI": [
            [
                848,
                429
            ],
            [
                1666,
                435
            ],
            [
                1954,
                995
            ],
            [
                544,
                973
            ]
        ],
        "parking_H": 407.5,
        "left_front": {
            "ip": "10.4.74.64",
            "K": [
                [
                    1675.648800476118,
                    0.0,
                    1270.3668485848214
                ],
                [
                    0.0,
                    1678.6447563831407,
                    676.3538944164388
                ],
                [
                    0.0,
                    0.0,
                    1.0
                ]
            ],
            "D": [
                [
                    -0.012187051379383987,
                    2.620858861857624,
                    -0.005181548053404053,
                    -0.0004405124558622503,
                    0.40467717129968356,
                    0.3534430769645019,
                    2.5828123126594478,
                    1.3666685293831755,
                    0.012270083460713812,
                    -0.004705603014755915,
                    0.01923138935567052,
                    -0.003423596249234136
                ]
            ],
            "R": [
                [
                    -0.0024419437476999456,
                    0.9982367344071874,
                    0.05930816968013221
                ],
                [
                    -0.9973042386823354,
                    -0.006780580973639121,
                    0.0730635287123968
                ],
                [
                    0.07333684215304322,
                    -0.0589698719833629,
                    0.9955622842300151
                ]
            ],
            "T": [
                [
                    0.4369825735099584
                ],
                [
                    0.8617228134024875
                ],
                [
                    2.9055047234407
                ]
            ],
            "leftRightParkingLine": [
                1414,
                182,
                1405,
                1207
            ],
            "frontRearParkingLine": [
                2340,
                182,
                1414,
                182
            ]
        },
        "right_front": {
            "ip": "10.4.74.62",
            "K": [
                [
                    1688.844571555683,
                    0.0,
                    1216.8132928151929
                ],
                [
                    0.0,
                    1695.6691206061635,
                    755.0811218579746
                ],
                [
                    0.0,
                    0.0,
                    1.0
                ]
            ],
            "D": [
                [
                    2.9368758386335347,
                    8.973324720829392,
                    -0.0018802054985811417,
                    0.0010512665018304337,
                    2.4531721928936507,
                    3.3421143321435847,
                    9.81470734975817,
                    6.098290359227777,
                    0.012073119767227832,
                    -0.008666266649127828,
                    0.006290294194015171,
                    -0.00013933135179700404
                ]
            ],
            "R": [
                [
                    0.018761892571686926,
                    -0.999637617427153,
                    0.019303502575785166
                ],
                [
                    0.999818415556332,
                    0.018822705581392127,
                    0.002973494412639093
                ],
                [
                    -0.003335761015757145,
                    0.019244208977276654,
                    0.9998092483665494
                ]
            ],
            "T": [
                [
                    -0.23137307854455594
                ],
                [
                    -0.9003852228917784
                ],
                [
                    3.019201342317884
                ]
            ],
            "leftRightParkingLine": [
                1128,
                166,
                1134,
                1180
            ],
            "frontRearParkingLine": [
                246,
                182,
                1128,
                166
            ]
        },
        "right_rear": {
            "ip": "10.4.74.61",
            "K": [
                [
                    1667.133456243118,
                    0.0,
                    1277.2584994889567
                ],
                [
                    0.0,
                    1670.0703731403376,
                    717.8270876962654
                ],
                [
                    0.0,
                    0.0,
                    1.0
                ]
            ],
            "D": [
                [
                    2.0029210454506297,
                    -3.633050769936729,
                    -0.004815966289982312,
                    0.00048043782440189105,
                    -0.6420370648717593,
                    2.357427781437684,
                    -2.91583442320944,
                    -2.118661378301719,
                    0.006377109654185092,
                    -0.0025671223040700858,
                    0.021004659840946363,
                    -0.0059092954297627264
                ]
            ],
            "R": [
                [
                    0.009558132148271793,
                    0.9997910561138328,
                    0.01806892981398489
                ],
                [
                    -0.9969189757216359,
                    0.00812070127518746,
                    0.07801672934007849
                ],
                [
                    0.07785369584008242,
                    -0.01875895321135239,
                    0.9967882943325798
                ]
            ],
            "T": [
                [
                    -0.8547250219684194
                ],
                [
                    0.1011622877792629
                ],
                [
                    2.9565809770133464
                ]
            ],
            "leftRightParkingLine": [
                1260,
                1420,
                1260,
                383
            ],
            "frontRearParkingLine": [
                344,
                1407,
                1260,
                1420
            ]
        },
        "left_rear": {
            "ip": "10.4.74.65",
            "K": [
                [
                    1661.3971510473918,
                    0.0,
                    1310.3891461248909
                ],
                [
                    0.0,
                    1664.9684452989718,
                    734.7255974991244
                ],
                [
                    0.0,
                    0.0,
                    1.0
                ]
            ],
            "D": [
                [
                    0.16108960997129654,
                    -1.5645685152400206,
                    -0.0034550149021634353,
                    0.0004667514979544501,
                    -0.2611848947003842,
                    0.5228870341605341,
                    -1.5422554121123933,
                    -0.8575605154605781,
                    0.005443728197760528,
                    -0.0007881121674123859,
                    0.012164656482182614,
                    -0.0029222778566108014
                ]
            ],
            "R": [
                [
                    0.004964670251113299,
                    -0.9997770160122458,
                    0.020524870351537577
                ],
                [
                    0.9997578614351127,
                    0.005402498390449745,
                    0.021331467596746714
                ],
                [
                    -0.021437596600075715,
                    0.020413996786296004,
                    0.9995617530634221
                ]
            ],
            "T": [
                [
                    1.0754063238605478
                ],
                [
                    -0.2692707258777688
                ],
                [
                    2.87744536461097
                ]
            ],
            "leftRightParkingLine": [
                1441,
                1396,
                1449,
                348
            ],
            "frontRearParkingLine": [
                2397,
                1425,
                1441,
                1396
            ]
        }
    },
    "park_2": {
        "back_parking_ROI": [
            [
                982,
                420
            ],
            [
                1811,
                418
            ],
            [
                2184,
                1103
            ],
            [
                603,
                1123
            ]
        ],
        "front_parking_ROI": [
            [
                286,
                419
            ],
            [
                1533,
                410
            ],
            [
                1795,
                1851
            ],
            [
                4,
                1833
            ]
        ],
        "back_person_detect_ROI": [
            [
                1078,
                13
            ],
            [
                1679,
                10
            ],
            [
                2382,
                1398
            ],
            [
                397,
                1394
            ]
        ],
        "front_person_detect_ROI": [
            [
                9,
                1127
            ],
            [
                1790,
                1127
            ],
            [
                1790,
                3186
            ],
            [
                9,
                3186
            ]
        ],
        "front_person_inside_car_detect_ROI": [
            [
                13,
                136
            ],
            [
                1790,
                136
            ],
            [
                1795,
                2017
            ],
            [
                13,
                2026
            ]
        ],
        "back_person_inside_car_detect_ROI": [
            [
                902,
                288
            ],
            [
                1850,
                273
            ],
            [
                2117,
                1207
            ],
            [
                579,
                1205
            ]
        ],
        "car_front_back_ROI": [
            [
                891,
                99
            ],
            [
                1974,
                1084
            ]
        ],
        "edge_ROI": [
            [
                989,
                435
            ],
            [
                1796,
                424
            ],
            [
                2089,
                973
            ],
            [
                685,
                995
            ]
        ],
        "parking_H": 407.5,
        "right_rear": {
            "ip": "10.4.74.65",
            "K": [
                [
                    1661.3971510473918,
                    0.0,
                    1310.3891461248909
                ],
                [
                    0.0,
                    1664.9684452989718,
                    734.7255974991244
                ],
                [
                    0.0,
                    0.0,
                    1.0
                ]
            ],
            "D": [
                [
                    0.16108960997129654,
                    -1.5645685152400206,
                    -0.0034550149021634353,
                    0.0004667514979544501,
                    -0.2611848947003842,
                    0.5228870341605341,
                    -1.5422554121123933,
                    -0.8575605154605781,
                    0.005443728197760528,
                    -0.0007881121674123859,
                    0.012164656482182614,
                    -0.0029222778566108014
                ]
            ],
            "R": [
                [
                    0.9984933783614208,
                    -0.030704834516857963,
                    0.045477318585081486
                ],
                [
                    0.02864829377561316,
                    0.9985669646401152,
                    0.04520279187365752
                ],
                [
                    -0.04680009222365694,
                    -0.04383184078634391,
                    0.9979421431631885
                ]
            ],
            "T": [
                [
                    -0.8817698367962948
                ],
                [
                    -0.5361281243778625
                ],
                [
                    2.950418495793111
                ]
            ],
            "leftRightParkingLine": [
                1217,
                1396,
                1232,
                346
            ],
            "frontRearParkingLine": [
                325,
                1353,
                1217,
                1396
            ]
        },
        "right_front": {
            "ip": "10.4.74.64",
            "K": [
                [
                    1675.648800476118,
                    0.0,
                    1270.3668485848214
                ],
                [
                    0.0,
                    1678.6447563831407,
                    676.3538944164388
                ],
                [
                    0.0,
                    0.0,
                    1.0
                ]
            ],
            "D": [
                [
                    -0.012187051379383987,
                    2.620858861857624,
                    -0.005181548053404053,
                    -0.0004405124558622503,
                    0.40467717129968356,
                    0.3534430769645019,
                    2.5828123126594478,
                    1.3666685293831755,
                    0.012270083460713812,
                    -0.004705603014755915,
                    0.01923138935567052,
                    -0.003423596249234136
                ]
            ],
            "R": [
                [
                    -0.0027000317792726805,
                    0.9961271613102353,
                    0.08788281019860342
                ],
                [
                    -0.9977863974092321,
                    -0.00852310768748426,
                    0.06595196570576119
                ],
                [
                    0.06644557903651133,
                    -0.08751020017895274,
                    0.9939451443068391
                ]
            ],
            "T": [
                [
                    -0.9889448068287776
                ],
                [
                    0.7679827726006678
                ],
                [
                    2.981833858321766
                ]
            ],
            "leftRightParkingLine": [
                1201,
                179,
                1188,
                1205
            ],
            "frontRearParkingLine": [
                377,
                197,
                1201,
                179
            ]
        },
        "left_rear": {
            "ip": "10.4.74.70",
            "K": [
                [
                    1672.1142616647876,
                    0.0,
                    1312.8887866760726
                ],
                [
                    0.0,
                    1671.0922295272135,
                    756.4121103143437
                ],
                [
                    0.0,
                    0.0,
                    1.0
                ]
            ],
            "D": [
                [
                    -0.01945379158315498,
                    1.2757906351013997,
                    -0.0044539502608127385,
                    -0.000569378560128443,
                    0.002429869213606231,
                    0.3414456471578575,
                    1.2684706226694475,
                    0.3840907917061137,
                    0.005211162485696421,
                    0.0003509123324633083,
                    0.010515302143716258,
                    -0.0011482539965174037
                ]
            ],
            "R": [
                [
                    -0.9980777636447067,
                    -0.002634403069001509,
                    0.06191799123397952
                ],
                [
                    0.005355456970385261,
                    -0.9990250303537759,
                    0.043821316813573194
                ],
                [
                    0.06174218006046986,
                    0.044068681023003584,
                    0.997118776552861
                ]
            ],
            "T": [
                [
                    1.057241971471637
                ],
                [
                    1.0383229359409554
                ],
                [
                    2.815218738238486
                ]
            ],
            "leftRightParkingLine": [
                1353,
                1450,
                1364,
                398
            ],
            "frontRearParkingLine": [
                2319,
                1476,
                1353,
                1450
            ]
        },
        "left_front": {
            "ip": "10.4.74.69",
            "K": [
                [
                    1665.994750347709,
                    0.0,
                    1290.1038397258033
                ],
                [
                    0.0,
                    1667.4949060946515,
                    729.1815232254412
                ],
                [
                    0.0,
                    0.0,
                    1.0
                ]
            ],
            "D": [
                [
                    0.19272215827313427,
                    43.43310087875622,
                    -0.002144622944787656,
                    0.0012632840606082289,
                    7.756749417150731,
                    0.578758479644981,
                    43.32234810862107,
                    24.359342939616415,
                    0.00273493539716686,
                    -0.00196582921760769,
                    0.004158963628128063,
                    -0.0010439157903990002
                ]
            ],
            "R": [
                [
                    -0.998473567040835,
                    -0.0026904641159733456,
                    0.05516608852902193
                ],
                [
                    0.0001567115193688085,
                    -0.9989468310389079,
                    -0.04588250427802776
                ],
                [
                    0.05523143454818933,
                    -0.045803822549697726,
                    0.9974224272982757
                ]
            ],
            "T": [
                [
                    1.0094618773740751
                ],
                [
                    0.48355014937831986
                ],
                [
                    2.8914501444690903
                ]
            ],
            "leftRightParkingLine": [
                1332,
                56,
                1336,
                1101
            ],
            "frontRearParkingLine": [
                2284,
                34,
                1332,
                56
            ]
        }
    },
    "park_3": {
        "back_parking_ROI": [
            [
                872,
                407
            ],
            [
                1794,
                403
            ],
            [
                2128,
                951
            ],
            [
                509,
                982
            ]
        ],
        "front_parking_ROI": [
            [
                159,
                577
            ],
            [
                1517,
                542
            ],
            [
                1793,
                1978
            ],
            [
                0,
                2021
            ]
        ],
        "back_person_detect_ROI": [
            [
                1002,
                8
            ],
            [
                1679,
                8
            ],
            [
                2408,
                1387
            ],
            [
                264,
                1383
            ]
        ],
        "front_person_detect_ROI": [
            [
                9,
                1104
            ],
            [
                1795,
                1150
            ],
            [
                1790,
                3181
            ],
            [
                9,
                3190
            ]
        ],
        "front_person_inside_car_detect_ROI": [
            [
                4,
                187
            ],
            [
                1790,
                200
            ],
            [
                1786,
                2017
            ],
            [
                9,
                1994
            ]
        ],
        "back_person_inside_car_detect_ROI": [
            [
                846,
                251
            ],
            [
                1874,
                262
            ],
            [
                2067,
                1205
            ],
            [
                611,
                1196
            ]
        ],
        "car_front_back_ROI": [
            [
                796,
                104
            ],
            [
                1911,
                1116
            ]
        ],
        "edge_ROI": [
            [
                882,
                429
            ],
            [
                1781,
                414
            ],
            [
                2089,
                956
            ],
            [
                568,
                960
            ]
        ],
        "parking_H": 407.5,
        "right_rear": {
            "ip": "10.4.74.71",
            "K": [
                [
                    1698.4511303084644,
                    0.0,
                    1348.8066182791265
                ],
                [
                    0.0,
                    1695.105940473613,
                    862.2707338574082
                ],
                [
                    0.0,
                    0.0,
                    1.0
                ]
            ],
            "D": [
                [
                    0.6183551481747868,
                    -0.4771013428062034,
                    0.002474388767081995,
                    0.0013946460807144842,
                    -0.2014292954316652,
                    0.9826900082874467,
                    -0.2466732078829308,
                    -0.48958164849537134,
                    -0.005487575601321953,
                    0.0006494852874251825,
                    -0.022835508302985315,
                    0.004525116895430763
                ]
            ],
            "R": [
                [
                    -0.9990286700857197,
                    0.015721434138264257,
                    -0.041164946925686445
                ],
                [
                    -0.015104914973293162,
                    -0.9997696853379138,
                    -0.015245255753133357
                ],
                [
                    -0.04139514331908934,
                    -0.014608654556976863,
                    0.9990360500610711
                ]
            ],
            "T": [
                [
                    -0.6338507620690502
                ],
                [
                    0.8204381017064509
                ],
                [
                    2.9413499198691846
                ]
            ],
            "leftRightParkingLine": [
                1317,
                1400,
                1319,
                368
            ],
            "frontRearParkingLine": [
                256,
                1422,
                1317,
                1400
            ]
        },
        "right_front": {
            "ip": "10.4.74.72",
            "K": [
                [
                    1653.696592486338,
                    0.0,
                    1277.4197052118311
                ],
                [
                    0.0,
                    1655.2429595389394,
                    739.8136618929318
                ],
                [
                    0.0,
                    0.0,
                    1.0
                ]
            ],
            "D": [
                [
                    14.983848323918826,
                    -9.230507037609753,
                    -0.0026927192324613883,
                    4.326294416661435e-05,
                    -1.8548294297497516,
                    15.319377874617452,
                    -3.69144481244819,
                    -6.14925912688644,
                    0.008291577348351979,
                    -0.0019550010252303335,
                    0.010961819183681672,
                    -0.0020130144531831785
                ]
            ],
            "R": [
                [
                    -0.9990382116832504,
                    -0.03965748210241191,
                    -0.018706568633235093
                ],
                [
                    0.03935872087835297,
                    -0.9990957916003667,
                    0.01607763344701804
                ],
                [
                    -0.019327252457422863,
                    0.015325903553580463,
                    0.9996957407094986
                ]
            ],
            "T": [
                [
                    -0.6141781773422264
                ],
                [
                    0.6981470925955404
                ],
                [
                    2.8281925476033662
                ]
            ],
            "leftRightParkingLine": [
                1230,
                136,
                1249,
                1194
            ],
            "frontRearParkingLine": [
                193,
                156,
                1230,
                136
            ]
        },
        "left_rear": {
            "ip": "10.4.74.75",
            "K": [
                [
                    1689.5207683029444,
                    0.0,
                    1355.2715593679084
                ],
                [
                    0.0,
                    1686.9366726482745,
                    835.2474109544421
                ],
                [
                    0.0,
                    0.0,
                    1.0
                ]
            ],
            "D": [
                [
                    4.651344609183868,
                    36.81808610270495,
                    -0.001336045105160048,
                    0.0038134111108015815,
                    5.133301898400218,
                    4.991424686964331,
                    38.498198771686695,
                    18.637362572299388,
                    -0.016257864544077207,
                    0.00255752480217629,
                    -0.0039391084529945405,
                    -0.0012242761510393202
                ]
            ],
            "R": [
                [
                    -0.999853979010517,
                    -7.454864580904519e-05,
                    -0.017088449295827642
                ],
                [
                    -0.00014881908083976708,
                    -0.9999145777263106,
                    0.013069625216319648
                ],
                [
                    -0.017087963884496075,
                    0.01307025986403057,
                    0.9997685581160118
                ]
            ],
            "T": [
                [
                    1.0538559196787474
                ],
                [
                    0.8887897184775999
                ],
                [
                    2.955049316233865
                ]
            ],
            "leftRightParkingLine": [
                1418,
                1428,
                1416,
                390
            ],
            "frontRearParkingLine": [
                2399,
                1400,
                1418,
                1428
            ]
        },
        "left_front": {
            "ip": "10.4.74.74",
            "K": [
                [
                    1654.702871598657,
                    0.0,
                    1244.0623964417787
                ],
                [
                    0.0,
                    1657.1809712817915,
                    733.4243237603225
                ],
                [
                    0.0,
                    0.0,
                    1.0
                ]
            ],
            "D": [
                [
                    -13.061058452653146,
                    69.6886831520036,
                    -0.0032743937237951232,
                    -0.0010192022288637045,
                    9.821013100404619,
                    -12.6955903806115,
                    64.85315610067705,
                    36.18551945543115,
                    0.01310609341978869,
                    -0.0017564139520300432,
                    0.013150204287348994,
                    -0.0034871237693588895
                ]
            ],
            "R": [
                [
                    0.014437818880436291,
                    0.999666169611487,
                    0.021426589095640977
                ],
                [
                    -0.9989482095752986,
                    0.013488136796020922,
                    0.043824020263744004
                ],
                [
                    0.04352038570923902,
                    -0.02203677608157668,
                    0.9988094695824873
                ]
            ],
            "T": [
                [
                    0.8567422985217759
                ],
                [
                    -0.5764681654215148
                ],
                [
                    3.199057691149944
                ]
            ],
            "leftRightParkingLine": [
                1315,
                108,
                1306,
                1038
            ],
            "frontRearParkingLine": [
                2198,
                113,
                1315,
                108
            ]
        }
    },
    "park_4": {
        "back_parking_ROI": [
            [
                800,
                407
            ],
            [
                1726,
                431
            ],
            [
                2113,
                1108
            ],
            [
                394,
                1040
            ]
        ],
        "front_parking_ROI": [
            [
                255,
                526
            ],
            [
                1614,
                533
            ],
            [
                1795,
                2093
            ],
            [
                6,
                2045
            ]
        ],
        "back_person_detect_ROI": [
            [
                935,
                26
            ],
            [
                1614,
                19
            ],
            [
                2301,
                1420
            ],
            [
                156,
                1381
            ]
        ],
        "front_person_detect_ROI": [
            [
                13,
                1218
            ],
            [
                1790,
                1223
            ],
            [
                1795,
                3190
            ],
            [
                9,
                3195
            ]
        ],
        "front_person_inside_car_detect_ROI": [
            [
                9,
                178
            ],
            [
                1790,
                173
            ],
            [
                1790,
                1985
            ],
            [
                0,
                1994
            ]
        ],
        "back_person_inside_car_detect_ROI": [
            [
                757,
                138
            ],
            [
                1811,
                132
            ],
            [
                1978,
                1136
            ],
            [
                496,
                1092
            ]
        ],
        "car_front_back_ROI": [
            [
                720,
                99
            ],
            [
                1867,
                1105
            ]
        ],
        "edge_ROI": [
            [
                815,
                422
            ],
            [
                1720,
                440
            ],
            [
                2017,
                977
            ],
            [
                483,
                947
            ]
        ],
        "parking_H": 407.5,
        "right_rear": {
            "ip": "10.4.74.75",
            "K": [
                [
                    1689.5207683029444,
                    0.0,
                    1355.2715593679084
                ],
                [
                    0.0,
                    1686.9366726482745,
                    835.2474109544421
                ],
                [
                    0.0,
                    0.0,
                    1.0
                ]
            ],
            "D": [
                [
                    4.651344609183868,
                    36.81808610270495,
                    -0.001336045105160048,
                    0.0038134111108015815,
                    5.133301898400218,
                    4.991424686964331,
                    38.498198771686695,
                    18.637362572299388,
                    -0.016257864544077207,
                    0.00255752480217629,
                    -0.0039391084529945405,
                    -0.0012242761510393202
                ]
            ],
            "R": [
                [
                    -0.9999544086024703,
                    -0.007004362361882352,
                    -0.006489963357929644
                ],
                [
                    0.006900888250175589,
                    -0.9998508637647853,
                    0.015831234006586106
                ],
                [
                    -0.006599883168845645,
                    0.01578572572662232,
                    0.9998536154885084
                ]
            ],
            "T": [
                [
                    -0.6990350412082751
                ],
                [
                    0.8996938897293852
                ],
                [
                    2.917236095495927
                ]
            ],
            "leftRightParkingLine": [
                1266,
                1433,
                1269,
                390
            ],
            "frontRearParkingLine": [
                245,
                1441,
                1266,
                1433
            ]
        },
        "right_front": {
            "ip": "10.4.74.74",
            "K": [
                [
                    1654.702871598657,
                    0.0,
                    1244.0623964417787
                ],
                [
                    0.0,
                    1657.1809712817915,
                    733.4243237603225
                ],
                [
                    0.0,
                    0.0,
                    1.0
                ]
            ],
            "D": [
                [
                    -13.061058452653146,
                    69.6886831520036,
                    -0.0032743937237951232,
                    -0.0010192022288637045,
                    9.821013100404619,
                    -12.6955903806115,
                    64.85315610067705,
                    36.18551945543115,
                    0.01310609341978869,
                    -0.0017564139520300432,
                    0.013150204287348994,
                    -0.0034871237693588895
                ]
            ],
            "R": [
                [
                    -0.02744570758993427,
                    0.9992618593045689,
                    0.026878795993565113
                ],
                [
                    -0.9985736772414647,
                    -0.028638866034433833,
                    0.04506025380222124
                ],
                [
                    0.045796771232769956,
                    -0.025603747605333474,
                    0.998622603315795
                ]
            ],
            "T": [
                [
                    -0.9506746946659438
                ],
                [
                    -0.5666841441651421
                ],
                [
                    3.23768572740991
                ]
            ],
            "leftRightParkingLine": [
                1185,
                108,
                1173,
                1037
            ],
            "frontRearParkingLine": [
                334,
                109,
                1185,
                108
            ]
        },
        "left_rear": {
            "ip": "10.4.74.80",
            "K": [
                [
                    1684.2990425146093,
                    0.0,
                    1345.8802510702283
                ],
                [
                    0.0,
                    1683.6585569645533,
                    809.4839438051856
